OLS REGRESSION MODEL SUMMARY
============================================================

                            OLS Regression Results                            
==============================================================================
Dep. Variable:                      y   R-squared:                       0.301
Model:                            OLS   Adj. R-squared:                  0.288
Method:                 Least Squares   F-statistic:                     23.03
Date:                Thu, 29 Jan 2026   Prob (F-statistic):               0.00
Time:                        19:04:27   Log-Likelihood:                -25692.
No. Observations:                7405   AIC:                         5.166e+04
Df Residuals:                    7268   BIC:                         5.260e+04
Df Model:                         136                                         
Covariance Type:            nonrobust                                         
==============================================================================
                 coef    std err          t      P>|t|      [0.025      0.975]
------------------------------------------------------------------------------
const      -1.843e+05   1.14e+06     -0.161      0.872   -2.43e+06    2.06e+06
x1          8.792e+07   1.06e+08      0.833      0.405   -1.19e+08    2.95e+08
x2          1.765e+08   2.12e+08      0.833      0.405   -2.39e+08    5.92e+08
x3          4.064e+08   4.88e+08      0.833      0.405    -5.5e+08    1.36e+09
x4         -3.456e+07   4.15e+07     -0.833      0.405   -1.16e+08    4.67e+07
x5         -4.064e+08   4.88e+08     -0.833      0.405   -1.36e+09     5.5e+08
x6          3.185e+08   3.82e+08      0.833      0.405   -4.31e+08    1.07e+09
x7           545.1755   3164.097      0.172      0.863   -5657.373    6747.724
x8         -3.622e+04   2.66e+04     -1.362      0.173   -8.84e+04    1.59e+04
x9          1.943e+07   2.33e+07      0.833      0.405   -2.63e+07    6.51e+07
x10         1.943e+07   2.33e+07      0.833      0.405   -2.63e+07    6.51e+07
x11        -1.303e+07   1.56e+07     -0.833      0.405   -4.37e+07    1.76e+07
x12         3.657e+06   4.39e+06      0.833      0.405   -4.95e+06    1.23e+07
x13        -1.935e+07   2.32e+07     -0.833      0.405   -6.49e+07    2.62e+07
x14        -1.074e+07   1.29e+07     -0.833      0.405    -3.6e+07    1.45e+07
x15        -1.856e+05   2.22e+05     -0.835      0.404   -6.22e+05     2.5e+05
x16         1.208e+07   1.45e+07      0.833      0.405   -1.63e+07    4.05e+07
x17         5.632e+06   6.76e+06      0.833      0.405   -7.62e+06    1.89e+07
x18         9.726e+06   1.17e+07      0.833      0.405   -1.32e+07    3.26e+07
x19         4.235e+06   5.08e+06      0.833      0.405   -5.73e+06    1.42e+07
x20        -1.373e+06   1.65e+06     -0.833      0.405    -4.6e+06    1.86e+06
x21         1.666e+07      2e+07      0.833      0.405   -2.25e+07    5.58e+07
x22        -8.883e+06   1.07e+07     -0.833      0.405   -2.98e+07     1.2e+07
x23        -4.457e+08   5.35e+08     -0.833      0.405   -1.49e+09    6.03e+08
x24         2.598e+09   3.12e+09      0.833      0.405   -3.51e+09    8.71e+09
x25          2.95e+09   3.54e+09      0.833      0.405   -3.99e+09    9.89e+09
x26        -9.646e+07   1.16e+08     -0.833      0.405   -3.23e+08     1.3e+08
x27         6.398e+09   7.68e+09      0.833      0.405   -8.65e+09    2.15e+10
x28         9.661e+08   1.16e+09      0.833      0.405   -1.31e+09    3.24e+09
x29         -7.73e+07   9.28e+07     -0.833      0.405   -2.59e+08    1.05e+08
x30         2.513e+07   3.02e+07      0.833      0.405    -3.4e+07    8.42e+07
x31        -3.781e+07   4.54e+07     -0.833      0.405   -1.27e+08    5.11e+07
x32        -1.975e+06   2.37e+06     -0.833      0.405   -6.62e+06    2.67e+06
x33         9.759e+05   1.17e+06      0.833      0.405   -1.32e+06    3.27e+06
x34         -2.49e+06   2.99e+06     -0.833      0.405   -8.35e+06    3.37e+06
x35          3.72e+06   4.46e+06      0.833      0.405   -5.03e+06    1.25e+07
x36          7.54e+05   9.05e+05      0.833      0.405   -1.02e+06    2.53e+06
x37        -2.839e+06   3.41e+06     -0.833      0.405   -9.52e+06    3.84e+06
x38         1.907e+06   2.29e+06      0.833      0.405   -2.58e+06    6.39e+06
x39        -2.608e+06   3.13e+06     -0.833      0.405   -8.74e+06    3.53e+06
x40         2.652e+06   3.18e+06      0.833      0.405   -3.59e+06    8.89e+06
x41         1.681e+05   2.02e+05      0.833      0.405   -2.27e+05    5.64e+05
x42          5.37e+06   6.44e+06      0.833      0.405   -7.26e+06     1.8e+07
x43         7.068e+06   8.48e+06      0.833      0.405   -9.56e+06    2.37e+07
x44        -1.593e+06   1.91e+06     -0.833      0.405   -5.34e+06    2.15e+06
x45         4.901e+09   5.88e+09      0.833      0.405   -6.63e+09    1.64e+10
x46         9.015e+09   1.08e+10      0.833      0.405   -1.22e+10    3.02e+10
x47         2.708e+09   3.25e+09      0.833      0.405   -3.66e+09    9.08e+09
x48         1.783e+10   2.14e+10      0.833      0.405   -2.41e+10    5.98e+10
x49         5.707e+09   6.85e+09      0.833      0.405   -7.72e+09    1.91e+10
x50        -1.444e+08   1.73e+08     -0.833      0.405   -4.84e+08    1.95e+08
x51        -2.188e+07   2.63e+07     -0.833      0.405   -7.34e+07    2.96e+07
x52        -3.919e+07    4.7e+07     -0.833      0.405   -1.31e+08     5.3e+07
x53        -2.193e+06   2.63e+06     -0.833      0.405   -7.35e+06    2.97e+06
x54         7.713e+06   9.26e+06      0.833      0.405   -1.04e+07    2.59e+07
x55        -5.413e+06    6.5e+06     -0.833      0.405   -1.81e+07    7.32e+06
x56        -1.195e+06   1.43e+06     -0.833      0.405   -4.01e+06    1.62e+06
x57         1.986e+06   2.38e+06      0.833      0.405   -2.69e+06    6.66e+06
x58        -9.375e+06   1.13e+07     -0.833      0.405   -3.14e+07    1.27e+07
x59        -7.574e+05   9.09e+05     -0.833      0.405   -2.54e+06    1.02e+06
x60         8.388e+05   1.01e+06      0.833      0.405   -1.13e+06    2.81e+06
x61         2.702e+06   3.24e+06      0.833      0.405   -3.65e+06    9.06e+06
x62         3.048e+06   3.66e+06      0.833      0.405   -4.12e+06    1.02e+07
x63         1.265e+06   1.52e+06      0.833      0.405   -1.71e+06    4.24e+06
x64         5.755e+06   6.91e+06      0.833      0.405   -7.78e+06    1.93e+07
x65         6.322e+05   7.59e+05      0.833      0.405   -8.55e+05    2.12e+06
x66         4.114e+09   4.94e+09      0.833      0.405   -5.56e+09    1.38e+10
x67          3.06e+09   3.67e+09      0.833      0.405   -4.14e+09    1.03e+10
x68         1.862e+10   2.23e+10      0.833      0.405   -2.52e+10    6.24e+10
x69         4.568e+09   5.48e+09      0.833      0.405   -6.18e+09    1.53e+10
x70          8.55e+07   1.03e+08      0.833      0.405   -1.16e+08    2.87e+08
x71        -2.188e+07   2.63e+07     -0.833      0.405   -7.34e+07    2.96e+07
x72        -3.919e+07    4.7e+07     -0.833      0.405   -1.31e+08     5.3e+07
x73        -2.193e+06   2.63e+06     -0.833      0.405   -7.35e+06    2.97e+06
x74         7.713e+06   9.26e+06      0.833      0.405   -1.04e+07    2.59e+07
x75        -5.413e+06    6.5e+06     -0.833      0.405   -1.81e+07    7.32e+06
x76        -1.195e+06   1.43e+06     -0.833      0.405   -4.01e+06    1.62e+06
x77         1.986e+06   2.38e+06      0.833      0.405   -2.69e+06    6.66e+06
x78        -9.375e+06   1.13e+07     -0.833      0.405   -3.14e+07    1.27e+07
x79        -7.574e+05   9.09e+05     -0.833      0.405   -2.54e+06    1.02e+06
x80         8.388e+05   1.01e+06      0.833      0.405   -1.13e+06    2.81e+06
x81         2.702e+06   3.24e+06      0.833      0.405   -3.65e+06    9.06e+06
x82         3.048e+06   3.66e+06      0.833      0.405   -4.12e+06    1.02e+07
x83         1.265e+06   1.52e+06      0.833      0.405   -1.71e+06    4.24e+06
x84         5.755e+06   6.91e+06      0.833      0.405   -7.78e+06    1.93e+07
x85         6.322e+05   7.59e+05      0.833      0.405   -8.55e+05    2.12e+06
x86         3.492e+08   4.19e+08      0.833      0.405   -4.72e+08    1.17e+09
x87         6.289e+09   7.55e+09      0.833      0.405   -8.51e+09    2.11e+10
x88         2.809e+08   3.37e+08      0.833      0.405    -3.8e+08    9.42e+08
x89         -7.73e+07   9.28e+07     -0.833      0.405   -2.59e+08    1.05e+08
x90         2.513e+07   3.02e+07      0.833      0.405    -3.4e+07    8.42e+07
x91        -3.781e+07   4.54e+07     -0.833      0.405   -1.27e+08    5.11e+07
x92        -1.975e+06   2.37e+06     -0.833      0.405   -6.62e+06    2.67e+06
x93         9.759e+05   1.17e+06      0.833      0.405   -1.32e+06    3.27e+06
x94         -2.49e+06   2.99e+06     -0.833      0.405   -8.35e+06    3.37e+06
x95          3.72e+06   4.46e+06      0.833      0.405   -5.03e+06    1.25e+07
x96          7.54e+05   9.05e+05      0.833      0.405   -1.02e+06    2.53e+06
x97        -2.839e+06   3.41e+06     -0.833      0.405   -9.52e+06    3.84e+06
x98         1.907e+06   2.29e+06      0.833      0.405   -2.58e+06    6.39e+06
x99        -2.608e+06   3.13e+06     -0.833      0.405   -8.74e+06    3.53e+06
x100        2.652e+06   3.18e+06      0.833      0.405   -3.59e+06    8.89e+06
x101        1.681e+05   2.02e+05      0.833      0.405   -2.27e+05    5.64e+05
x102         5.37e+06   6.44e+06      0.833      0.405   -7.26e+06     1.8e+07
x103        7.068e+06   8.48e+06      0.833      0.405   -9.56e+06    2.37e+07
x104       -1.593e+06   1.91e+06     -0.833      0.405   -5.34e+06    2.15e+06
x105       -2.273e+10   2.73e+10     -0.833      0.405   -7.62e+10    3.07e+10
x106        1.293e+10   1.55e+10      0.833      0.405   -1.75e+10    4.33e+10
x107        1.444e+08   1.73e+08      0.833      0.405   -1.95e+08    4.84e+08
x108        2.189e+07   2.63e+07      0.833      0.405   -2.96e+07    7.34e+07
x109        3.919e+07    4.7e+07      0.833      0.405    -5.3e+07    1.31e+08
x110        2.193e+06   2.63e+06      0.833      0.405   -2.97e+06    7.35e+06
x111       -7.713e+06   9.26e+06     -0.833      0.405   -2.59e+07    1.04e+07
x112        5.413e+06    6.5e+06      0.833      0.405   -7.32e+06    1.81e+07
x113        1.195e+06   1.43e+06      0.833      0.405   -1.62e+06    4.01e+06
x114       -1.986e+06   2.38e+06     -0.833      0.405   -6.66e+06    2.69e+06
x115        9.375e+06   1.13e+07      0.833      0.405   -1.27e+07    3.14e+07
x116        7.574e+05   9.09e+05      0.833      0.405   -1.02e+06    2.54e+06
x117       -8.389e+05   1.01e+06     -0.833      0.405   -2.81e+06    1.13e+06
x118       -2.702e+06   3.24e+06     -0.833      0.405   -9.06e+06    3.65e+06
x119       -3.048e+06   3.66e+06     -0.833      0.405   -1.02e+07    4.12e+06
x120       -1.265e+06   1.52e+06     -0.833      0.405   -4.24e+06    1.71e+06
x121       -5.755e+06   6.91e+06     -0.833      0.405   -1.93e+07    7.78e+06
x122       -6.323e+05   7.59e+05     -0.833      0.405   -2.12e+06    8.55e+05
x123        2.884e+09   3.46e+09      0.833      0.405    -3.9e+09    9.67e+09
x124       -6.707e+07   8.05e+07     -0.833      0.405   -2.25e+08    9.07e+07
x125        7.547e+07   9.06e+07      0.833      0.405   -1.02e+08    2.53e+08
x126       -1.376e+06   1.65e+06     -0.833      0.405   -4.61e+06    1.86e+06
x127       -2.189e+05   2.63e+05     -0.833      0.405   -7.34e+05    2.96e+05
x128        6.737e+06   8.09e+06      0.833      0.405   -9.11e+06    2.26e+07
x129       -2.922e+06   3.51e+06     -0.833      0.405    -9.8e+06    3.95e+06
x130       -4.914e+06    5.9e+06     -0.833      0.405   -1.65e+07    6.65e+06
x131        1.232e+06   1.48e+06      0.833      0.405   -1.67e+06    4.13e+06
x132       -6.537e+06   7.84e+06     -0.833      0.405   -2.19e+07    8.84e+06
x133       -2.665e+06    3.2e+06     -0.833      0.405   -8.93e+06     3.6e+06
x134        3.447e+06   4.14e+06      0.833      0.405   -4.66e+06    1.16e+07
x135        4.948e+04   5.94e+04      0.833      0.405   -6.69e+04    1.66e+05
x136         2.88e+06   3.46e+06      0.833      0.405    -3.9e+06    9.66e+06
x137       -4.105e+06   4.93e+06     -0.833      0.405   -1.38e+07    5.55e+06
x138       -1.313e+06   1.58e+06     -0.833      0.405    -4.4e+06    1.78e+06
x139        2.225e+06   2.67e+06      0.833      0.405   -3.01e+06    7.46e+06
x140          10.4670      3.083      3.395      0.001       4.423      16.511
x141          48.8289     54.130      0.902      0.367     -57.282     154.940
x142           0.3586      1.513      0.237      0.813      -2.608       3.325
x143          -7.5991      4.156     -1.828      0.068     -15.746       0.548
x144          -4.8261      4.427     -1.090      0.276     -13.505       3.853
x145          -5.3700      3.828     -1.403      0.161     -12.873       2.133
x146           2.4953      6.008      0.415      0.678      -9.283      14.273
x147          -4.0830      3.856     -1.059      0.290     -11.642       3.476
x148          -0.5056      4.153     -0.122      0.903      -8.648       7.636
x149           4.2926      4.845      0.886      0.376      -5.205      13.791
x150          -3.7625      4.403     -0.855      0.393     -12.393       4.868
x151          -5.1433      3.959     -1.299      0.194     -12.904       2.618
x152         -11.2194      3.910     -2.869      0.004     -18.884      -3.555
x153          -3.4988      3.893     -0.899      0.369     -11.130       4.132
x154          -0.9657      3.522     -0.274      0.784      -7.870       5.938
x155          -7.3621      3.849     -1.913      0.056     -14.908       0.184
x156         -33.5215    290.722     -0.115      0.908    -603.421     536.378
x157           5.7875     12.187      0.475      0.635     -18.103      29.678
x158          -8.0748     35.451     -0.228      0.820     -77.570      61.420
x159          79.5211     51.301      1.550      0.121     -21.044     180.086
x160          52.7685     47.077      1.121      0.262     -39.516     145.053
x161         119.1360     81.260      1.466      0.143     -40.157     278.429
x162           5.9333     29.055      0.204      0.838     -51.023      62.890
x163         -71.7782     53.915     -1.331      0.183    -177.468      33.911
x164          14.1459     56.743      0.249      0.803     -97.087     125.379
x165          32.7311     50.572      0.647      0.518     -66.405     131.867
x166         119.5317     44.127      2.709      0.007      33.030     206.034
x167          37.1166     34.624      1.072      0.284     -30.756     104.989
x168          46.6725     42.685      1.093      0.274     -37.003     130.348
x169          37.3899     36.219      1.032      0.302     -33.610     108.390
x170          42.2830     43.266      0.977      0.328     -42.530     127.096
x171       -1.943e+07   2.33e+07     -0.833      0.405   -6.51e+07    2.63e+07
x172           1.3325      1.022      1.303      0.193      -0.672       3.337
x173          -0.4109      1.055     -0.390      0.697      -2.479       1.657
x174           0.4448      1.020      0.436      0.663      -1.554       2.444
x175          -0.1957      1.263     -0.155      0.877      -2.672       2.281
x176           0.6488      0.982      0.661      0.509      -1.276       2.574
x177           0.2742      1.083      0.253      0.800      -1.848       2.396
x178          -0.1932      1.123     -0.172      0.863      -2.395       2.009
x179          -0.6795      1.077     -0.631      0.528      -2.790       1.431
x180           0.7151      0.998      0.717      0.474      -1.241       2.671
x181           1.0339      0.982      1.053      0.292      -0.891       2.959
x182          -0.2729      1.015     -0.269      0.788      -2.262       1.716
x183          -0.1745      0.963     -0.181      0.856      -2.062       1.713
x184          -0.1925      1.001     -0.192      0.848      -2.155       1.770
x185       -1.942e+07   2.33e+07     -0.833      0.405   -6.51e+07    2.63e+07
x186                0          0        nan        nan           0           0
x187                0          0        nan        nan           0           0
x188                0          0        nan        nan           0           0
x189                0          0        nan        nan           0           0
x190                0          0        nan        nan           0           0
x191                0          0        nan        nan           0           0
x192                0          0        nan        nan           0           0
x193                0          0        nan        nan           0           0
x194                0          0        nan        nan           0           0
x195                0          0        nan        nan           0           0
x196                0          0        nan        nan           0           0
x197                0          0        nan        nan           0           0
x198        1.303e+07   1.56e+07      0.833      0.405   -1.76e+07    4.37e+07
x199                0          0        nan        nan           0           0
x200                0          0        nan        nan           0           0
x201                0          0        nan        nan           0           0
x202                0          0        nan        nan           0           0
x203                0          0        nan        nan           0           0
x204                0          0        nan        nan           0           0
x205                0          0        nan        nan           0           0
x206                0          0        nan        nan           0           0
x207                0          0        nan        nan           0           0
x208                0          0        nan        nan           0           0
x209                0          0        nan        nan           0           0
x210       -3.659e+06   4.39e+06     -0.833      0.405   -1.23e+07    4.95e+06
x211                0          0        nan        nan           0           0
x212                0          0        nan        nan           0           0
x213                0          0        nan        nan           0           0
x214                0          0        nan        nan           0           0
x215                0          0        nan        nan           0           0
x216                0          0        nan        nan           0           0
x217                0          0        nan        nan           0           0
x218                0          0        nan        nan           0           0
x219                0          0        nan        nan           0           0
x220                0          0        nan        nan           0           0
x221        1.935e+07   2.32e+07      0.833      0.405   -2.62e+07    6.49e+07
x222                0          0        nan        nan           0           0
x223                0          0        nan        nan           0           0
x224                0          0        nan        nan           0           0
x225                0          0        nan        nan           0           0
x226                0          0        nan        nan           0           0
x227                0          0        nan        nan           0           0
x228                0          0        nan        nan           0           0
x229                0          0        nan        nan           0           0
x230                0          0        nan        nan           0           0
x231        1.074e+07   1.29e+07      0.833      0.405   -1.45e+07     3.6e+07
x232                0          0        nan        nan           0           0
x233                0          0        nan        nan           0           0
x234                0          0        nan        nan           0           0
x235                0          0        nan        nan           0           0
x236                0          0        nan        nan           0           0
x237                0          0        nan        nan           0           0
x238                0          0        nan        nan           0           0
x239                0          0        nan        nan           0           0
x240         1.85e+05   2.22e+05      0.832      0.406   -2.51e+05    6.21e+05
x241                0          0        nan        nan           0           0
x242                0          0        nan        nan           0           0
x243                0          0        nan        nan           0           0
x244                0          0        nan        nan           0           0
x245                0          0        nan        nan           0           0
x246                0          0        nan        nan           0           0
x247                0          0        nan        nan           0           0
x248       -1.208e+07   1.45e+07     -0.833      0.405   -4.05e+07    1.63e+07
x249                0          0        nan        nan           0           0
x250                0          0        nan        nan           0           0
x251                0          0        nan        nan           0           0
x252                0          0        nan        nan           0           0
x253                0          0        nan        nan           0           0
x254                0          0        nan        nan           0           0
x255        -5.63e+06   6.76e+06     -0.833      0.405   -1.89e+07    7.62e+06
x256                0          0        nan        nan           0           0
x257                0          0        nan        nan           0           0
x258                0          0        nan        nan           0           0
x259                0          0        nan        nan           0           0
x260                0          0        nan        nan           0           0
x261       -9.728e+06   1.17e+07     -0.833      0.405   -3.26e+07    1.32e+07
x262                0          0        nan        nan           0           0
x263                0          0        nan        nan           0           0
x264                0          0        nan        nan           0           0
x265                0          0        nan        nan           0           0
x266       -4.235e+06   5.08e+06     -0.833      0.405   -1.42e+07    5.73e+06
x267                0          0        nan        nan           0           0
x268                0          0        nan        nan           0           0
x269                0          0        nan        nan           0           0
x270        1.373e+06   1.65e+06      0.833      0.405   -1.86e+06     4.6e+06
x271                0          0        nan        nan           0           0
x272                0          0        nan        nan           0           0
x273       -1.666e+07      2e+07     -0.833      0.405   -5.59e+07    2.25e+07
x274                0          0        nan        nan           0           0
x275        8.884e+06   1.07e+07      0.833      0.405    -1.2e+07    2.98e+07
==============================================================================
Omnibus:                       19.729   Durbin-Watson:                   1.993
Prob(Omnibus):                  0.000   Jarque-Bera (JB):               19.602
Skew:                          -0.115   Prob(JB):                     5.54e-05
Kurtosis:                       2.899   Cond. No.                     1.00e+16
==============================================================================

Notes:
[1] Standard Errors assume that the covariance matrix of the errors is correctly specified.
[2] The smallest eigenvalue is 4.11e-23. This might indicate that there are
strong multicollinearity problems or that the design matrix is singular.

============================================================
PERFORMANCE METRICS
============================================================

Training Set:
  MAE:  6.24 years
  RMSE: 7.77 years
  R²:   0.3012

Test Set:
  MAE:  6.24 years
  RMSE: 7.71 years
  R²:   0.2676
